50 200
10 56 67 12 62 36 29 46 2 56 52 53 99 47 45 5 7 94 87 91 65 92 53 68 9 66 92 7 29 51 87 31 65 58 24 10 28 38 14 0 41 98 46 39 95 74 72 54 13 25 8 40 99 35 53 44 57 58 30 3 99 16 23 25 32 93 8 35 69 24 98 45 13 26 35 32 90 80 39 74 14 96 35 73 66 2 72 22 43 82 6 15 10 47 32 19 59 19 52 79 59 9 50 83 4 34 59 33 93 84 37 58 11 85 26 2 5 58 73 64 21 61 54 20 81 8 20 75 4 14 89 37 22 30 98 49 9 30 25 89 1 62 3 62 95 88 41 57 10 41 26 65 97 40 90 5 71 66 79 8 36 77 19 12 95 52 29 58 63 91 20 13 10 12 50 77 73 31 70 83 38 23 23 55 87 30 6 0 86 20 77 91 85 82 94 22 48 72 36 50 
77 47 27 8 60 57 74 62 74 76 69 0 40 32 16 84 22 96 39 45 86 94 43 73 39 72 79 38 50 38 68 77 42 75 99 54 60 99 37 53 72 63 70 83 36 77 59 35 67 58 23 56 66 60 13 71 54 38 78 6 52 70 61 39 28 58 66 82 16 78 32 44 2 31 6 71 23 41 87 47 99 87 51 23 72 46 70 32 31 24 27 5 68 63 75 81 36 4 67 50 3 54 53 26 78 52 96 10 35 72 38 84 84 95 78 35 28 6 4 26 74 92 43 27 52 28 38 87 23 28 4 15 60 71 74 1 62 19 69 6 89 88 9 41 90 51 97 91 41 2 53 15 40 9 40 85 60 37 84 75 13 32 52 75 88 10 95 70 97 80 85 36 73 10 49 37 18 43 34 60 75 13 49 41 75 38 97 17 33 76 9 72 62 62 70 73 38 14 2 5 
10 34 66 97 27 69 51 50 73 9 45 76 20 31 65 56 94 48 82 34 91 75 49 5 38 62 21 23 14 17 45 85 29 32 32 44 80 56 2 99 32 64 48 60 64 13 23 91 38 42 75 33 71 90 48 98 87 45 3 48 13 42 69 30 54 52 4 37 85 72 35 12 94 33 25 75 94 17 50 30 33 19 93 24 26 97 86 1 38 25 60 60 62 51 37 48 52 53 14 89 94 52 17 15 31 21 63 7 63 1 72 13 96 10 67 26 2 74 9 44 19 84 35 18 70 54 89 49 36 95 96 3 82 52 17 20 52 76 48 51 95 42 55 72 56 50 82 1 81 73 71 84 1 14 14 48 93 59 28 38 74 79 4 37 37 55 9 45 45 93 2 68 55 82 23 66 28 97 78 68 30 17 97 42 35 75 71 61 96 32 22 74 39 10 2 88 23 73 23 0 
46 1 0 11 94 4 65 23 17 18 49 37 11 40 81 30 83 83 44 24 70 95 51 41 84 84 68 59 78 96 39 91 37 97 4 73 10 37 31 58 35 32 90 91 79 13 42 41 84 79 4 12 85 41 25 29 56 83 92 4 45 20 23 19 2 73 21 61 79 29 96 44 15 3 64 32 98 94 25 65 9 65 76 34 17 96 57 63 45 80 63 33 97 21 24 56 67 31 6 36 28 98 85 67 71 37 89 24 73 41 49 61 97 66 34 31 83 23 16 40 29 83 59 59 6 51 52 40 56 80 32 75 11 16 52 50 96 47 34 57 50 41 56 58 62 4 82 42 96 86 76 23 2 15 94 52 42 59 13 17 27 82 59 90 44 5 69 56 39 37 66 7 95 43 86 0 5 77 89 39 13 44 22 7 89 93 58 21 8 9 43 12 34 13 69 0 50 84 55 91 
85 60 25 31 3 75 9 49 44 22 98 42 70 81 47 17 52 59 61 43 66 89 37 70 47 8 22 39 85 93 3 49 44 61 47 87 97 35 12 17 7 24 48 91 27 52 80 6 54 91 23 81 80 8 78 42 38 47 79 7 50 43 44 39 85 92 51 77 80 50 4 98 8 4 78 86 34 20 17 28 75 90 6 44 19 24 4 23 20 93 46 68 11 22 1 40 23 54 31 10 14 51 34 56 47 56 27 75 85 4 71 48 71 94 28 47 38 48 28 76 28 60 16 21 98 16 68 26 53 68 19 12 83 20 93 24 53 68 12 25 34 57 89 38 58 33 89 45 88 50 96 54 40 92 93 9 61 63 40 52 30 51 88 68 75 11 4 91 31 2 43 29 81 89 80 9 57 98 38 44 41 11 24 45 46 67 89 70 82 81 17 81 82 43 11 72 87 4 51 80 
94 25 1 92 84 81 35 81 62 14 35 24 59 22 38 62 11 75 34 54 73 63 12 67 45 48 49 62 26 42 63 75 94 91 26 50 93 41 34 53 76 17 45 43 68 12 61 71 61 88 32 85 48 0 35 72 81 53 93 9 71 22 4 68 45 11 92 62 61 43 81 18 13 24 34 24 48 45 19 3 21 87 37 8 40 38 14 74 13 48 99 49 26 76 61 60 24 31 76 2 27 78 41 1 10 89 50 36 65 63 96 42 94 25 44 74 3 4 48 58 53 48 45 71 31 1 73 64 53 2 13 59 30 9 29 63 89 60 39 19 93 95 4 65 4 97 61 9 35 15 33 82 82 73 62 61 72 68 58 46 93 41 1 48 77 92 46 57 90 35 92 6 65 75 81 45 71 29 45 73 75 69 53 84 92 39 74 64 71 73 52 91 21 96 97 86 71 89 30 30 
98 13 64 64 20 19 83 69 22 25 94 47 46 17 55 26 46 32 53 94 14 40 47 44 53 94 95 22 68 30 98 30 30 72 94 54 21 46 37 43 40 60 86 71 35 59 90 4 23 84 3 81 90 47 16 10 59 0 23 27 57 70 50 35 21 28 23 16 93 14 4 43 18 32 66 98 17 47 0 38 43 20 34 89 10 62 1 9 41 63 73 38 65 2 98 34 1 37 70 75 33 9 72 57 44 69 49 74 24 69 12 62 2 65 16 61 42 31 5 51 71 48 13 97 97 57 53 43 98 46 81 61 89 23 59 99 41 66 85 93 69 29 95 38 86 50 39 83 70 75 86 24 58 41 60 32 94 76 50 31 69 20 12 65 58 50 67 50 33 37 77 71 13 35 28 51 8 26 36 10 77 14 36 14 89 46 91 32 83 74 87 82 49 59 24 87 79 59 35 60 
4 11 63 24 18 91 49 99 38 95 33 26 80 51 5 84 98 9 3 3 57 75 34 23 43 39 55 12 99 27 34 54 60 75 12 44 65 58 86 60 90 47 4 51 8 28 16 9 24 14 98 83 33 58 25 33 63 77 41 43 45 50 26 13 21 66 8 46 2 8 74 47 61 68 3 35 99 35 88 68 65 25 81 8 52 61 63 57 96 91 32 86 20 94 33 89 31 41 88 0 8 90 51 28 33 35 49 48 61 7 85 21 66 39 25 70 45 63 77 96 33 41 39 53 88 91 83 47 54 74 19 68 36 84 70 65 52 90 50 14 58 24 54 60 26 28 55 24 39 86 82 23 43 94 24 57 92 52 41 94 78 15 23 73 55 94 88 51 12 40 71 61 62 66 36 77 59 17 81 85 96 77 76 10 13 32 76 56 16 66 34 24 52 91 43 94 59 76 5 46 
11 98 84 16 58 49 38 58 42 70 75 78 44 23 69 90 10 63 85 35 55 10 55 25 28 9 67 77 34 73 55 0 62 92 3 87 57 97 58 65 30 84 16 13 1 62 99 45 87 87 3 49 50 49 86 57 52 53 17 39 67 57 59 20 94 88 54 94 51 39 96 73 89 79 14 43 5 46 99 73 50 69 54 72 31 47 33 52 18 77 62 79 17 22 70 4 21 78 53 73 49 76 11 1 24 99 16 79 20 87 47 4 74 14 81 16 15 42 39 31 82 3 0 57 68 40 44 42 42 27 45 94 84 61 39 91 43 5 69 80 23 48 14 25 67 65 65 99 70 61 58 65 37 56 13 6 14 32 41 48 60 49 26 59 55 1 41 26 56 0 9 82 47 52 9 92 72 76 67 63 84 45 27 7 21 39 20 9 95 92 2 61 26 82 9 87 77 54 62 89 
58 64 61 21 13 88 83 92 14 63 16 99 57 29 90 16 3 55 53 9 71 70 10 88 80 34 32 49 11 94 23 90 93 70 35 71 65 94 75 13 19 3 21 36 48 64 71 26 86 93 3 51 16 33 98 56 62 50 41 92 30 84 95 64 26 52 8 94 77 74 34 33 53 53 61 74 5 1 8 79 75 23 61 5 52 4 36 28 11 49 38 89 32 10 1 65 12 28 33 34 14 63 68 95 48 92 81 85 52 89 40 22 81 87 1 87 80 69 30 59 39 34 31 78 17 45 99 44 3 81 20 21 62 17 99 82 99 17 31 36 5 15 52 19 63 26 75 49 38 19 27 47 84 73 60 45 50 60 76 2 28 42 29 39 27 52 18 20 88 11 75 20 2 93 93 90 90 69 8 2 86 20 40 74 25 45 27 6 81 84 46 98 53 72 6 20 17 64 20 11 
14 95 83 58 32 4 73 94 90 13 88 36 12 61 75 83 11 48 97 43 78 93 67 63 87 11 72 52 68 49 0 78 85 75 4 91 87 13 6 42 38 81 56 77 50 31 56 82 86 57 80 26 87 54 26 56 65 42 71 25 50 38 39 97 75 72 8 2 78 57 36 78 95 17 81 74 7 98 37 97 68 91 53 92 92 41 82 52 76 91 19 78 32 24 39 51 88 76 25 93 29 33 91 6 50 22 9 40 8 65 44 51 66 58 54 3 28 70 94 9 37 20 96 20 77 75 39 23 62 35 54 15 1 33 42 10 44 21 54 18 1 7 34 7 5 35 45 48 61 87 96 2 66 95 90 9 34 26 83 74 23 48 10 74 69 93 4 76 51 97 63 27 95 29 62 87 15 90 47 28 32 28 75 74 38 24 44 91 10 60 71 54 36 67 40 41 74 66 40 66 
84 90 24 70 57 64 4 81 78 37 80 67 89 19 35 20 29 90 97 14 33 78 71 90 5 63 84 5 3 81 65 25 54 13 81 19 44 54 34 73 57 45 47 74 58 18 35 95 36 49 37 77 94 84 87 16 91 64 41 51 48 91 15 50 60 79 29 35 1 9 30 66 50 44 59 68 99 0 2 6 53 37 87 90 23 93 18 82 13 17 34 16 23 39 5 54 41 46 65 62 8 66 90 42 60 2 35 72 89 37 43 59 22 47 20 14 39 68 19 77 82 52 0 69 27 77 78 98 6 45 19 26 67 82 30 90 4 90 22 23 56 13 46 98 1 51 23 64 14 58 86 89 24 71 66 80 2 77 32 34 95 17 25 37 6 63 18 78 76 56 56 81 96 11 70 70 13 77 61 88 29 30 42 18 97 40 84 50 23 55 45 6 40 92 95 12 66 60 12 97 
74 61 24 8 16 98 24 28 28 17 4 54 5 6 97 94 79 22 21 59 55 6 50 65 28 44 83 37 7 1 97 52 55 40 7 37 75 76 76 71 62 12 65 85 78 83 86 75 52 0 37 13 88 93 88 37 11 16 14 45 33 6 84 78 74 58 23 32 82 66 55 31 69 8 65 98 38 82 81 33 29 68 50 90 53 48 85 4 73 96 52 30 96 85 44 81 33 28 24 87 55 30 38 41 91 27 10 85 2 60 99 78 0 18 51 78 4 61 46 2 26 18 7 48 88 63 38 38 97 81 59 83 54 74 71 79 37 73 88 46 69 36 82 34 19 84 65 69 92 27 81 89 8 41 25 62 67 48 93 56 73 81 3 42 70 2 24 4 73 61 21 23 74 99 75 57 73 74 21 10 81 52 62 66 80 8 40 31 51 56 39 16 44 38 12 47 78 10 64 97 
1 29 8 17 89 73 82 2 42 23 68 54 76 29 97 90 10 66 54 33 52 51 92 50 69 56 54 1 97 20 35 3 54 31 51 71 83 3 60 84 67 89 92 25 53 59 73 42 34 13 16 27 10 27 77 93 49 97 5 8 33 10 93 22 87 65 35 30 53 71 99 61 10 6 29 40 20 7 59 48 51 45 88 53 73 25 69 53 53 68 26 76 46 6 83 89 66 68 37 1 71 64 46 59 4 28 64 5 1 75 30 26 45 17 79 76 23 91 44 58 69 57 86 15 63 70 56 81 90 46 82 61 10 81 72 66 9 37 71 63 64 1 41 9 71 72 38 46 15 34 4 84 91 90 51 55 12 8 88 54 54 71 16 16 4 88 82 13 77 53 28 42 6 69 3 29 94 41 75 9 76 31 94 19 74 97 74 38 5 63 93 11 86 9 27 90 49 61 55 79 
17 54 68 42 19 88 71 58 53 31 95 81 56 52 19 5 35 68 68 0 14 68 53 41 44 24 24 96 88 22 45 52 85 20 22 13 10 73 80 31 67 88 78 91 61 97 7 79 99 12 37 18 39 30 27 39 72 65 32 96 78 46 50 40 81 97 25 18 3 46 51 23 18 76 4 97 98 34 23 41 12 53 80 64 53 47 57 21 38 80 18 36 22 75 23 97 17 35 3 49 79 38 71 97 26 45 24 49 42 93 84 97 43 36 6 92 93 46 0 30 4 42 91 50 81 77 57 18 69 39 87 78 93 11 14 4 82 62 13 68 44 5 70 0 15 90 38 25 92 2 43 32 33 52 93 70 82 7 15 93 73 19 27 64 12 74 40 8 90 57 87 36 24 65 46 9 7 37 28 35 24 14 3 60 98 25 26 7 79 13 16 53 98 10 25 9 84 36 84 90 
10 84 87 74 98 77 84 52 96 88 56 36 42 41 21 78 8 96 44 81 53 65 14 82 70 4 56 10 60 16 4 89 33 35 7 74 44 70 4 61 12 76 90 84 42 10 56 11 36 57 93 88 60 41 6 82 68 12 37 85 3 25 13 42 35 96 22 72 48 57 31 28 51 73 24 56 43 20 29 65 40 9 45 67 82 31 49 47 71 58 42 45 51 46 40 70 1 37 24 84 43 95 8 84 53 95 66 71 75 85 65 21 77 34 60 51 81 76 17 98 73 3 22 75 50 57 46 0 95 47 67 0 30 70 99 8 36 88 1 35 78 9 38 54 98 32 89 81 62 35 77 36 77 56 15 27 0 35 37 77 98 55 42 45 42 79 79 89 66 62 37 56 10 34 5 7 91 12 93 44 60 59 4 80 72 86 85 3 27 71 84 90 5 95 28 68 11 67 86 48 
24 1 3 92 70 82 12 9 29 68 83 43 51 1 35 43 5 9 84 12 9 50 71 56 86 6 76 80 84 64 75 55 96 30 35 76 95 95 45 18 57 69 99 23 54 10 26 15 96 19 97 60 53 85 26 17 23 27 50 28 93 33 18 7 70 2 27 46 44 6 62 89 41 32 27 22 16 59 18 5 24 11 39 97 13 38 41 4 36 23 20 60 11 29 5 91 31 43 49 41 70 37 91 74 65 37 6 16 65 1 17 3 59 32 10 54 5 1 43 62 39 45 38 38 63 41 42 85 39 21 22 22 7 53 72 12 30 60 16 23 99 12 10 48 91 5 91 3 82 90 25 75 60 87 69 24 39 25 86 49 16 13 37 28 69 27 52 47 76 90 40 7 64 64 43 64 45 8 40 6 51 44 27 16 59 72 60 14 0 9 52 89 41 6 79 12 61 13 84 72 
12 46 64 68 68 74 13 29 31 6 4 69 29 67 73 34 77 76 44 91 84 32 45 45 41 46 33 89 30 55 64 69 18 13 12 63 41 4 38 71 6 58 80 29 70 18 34 65 43 32 6 46 91 95 15 48 33 98 56 23 65 77 97 16 49 32 48 17 88 67 21 93 11 95 27 67 90 28 23 96 61 91 33 93 30 53 57 56 33 45 71 51 47 74 37 52 35 39 84 27 61 93 92 89 69 39 27 11 23 7 72 90 30 3 30 31 4 76 58 95 70 56 36 8 46 65 41 93 90 49 12 73 55 12 87 80 43 45 69 23 95 54 92 32 43 39 34 10 28 79 22 78 22 48 69 59 15 14 60 8 15 21 87 96 77 16 98 60 89 54 33 80 32 73 34 8 93 43 41 16 54 77 32 14 66 43 30 83 91 47 16 65 72 35 93 31 47 50 21 92 
54 6 78 3 43 10 2 76 83 91 73 51 66 85 84 88 95 67 50 71 73 86 65 33 45 16 2 25 76 12 32 34 13 65 96 74 96 32 51 82 62 50 58 90 25 44 85 28 92 25 55 54 62 34 9 23 12 45 36 96 31 1 13 27 27 9 11 78 43 73 64 6 98 49 86 90 41 78 78 69 9 64 44 86 5 6 74 72 96 73 1 80 7 87 22 85 21 11 64 60 55 40 1 42 8 48 49 71 60 72 25 96 37 3 88 76 69 43 74 16 5 16 54 71 6 64 20 66 53 20 95 3 11 50 74 88 75 90 72 94 12 47 59 15 10 67 6 77 79 5 10 39 89 34 35 91 64 6 82 21 70 66 27 73 99 46 64 61 18 55 7 36 89 73 68 30 6 9 72 37 77 96 70 41 85 9 45 8 93 71 28 75 2 2 50 79 87 95 63 1 
31 32 80 78 58 88 1 68 31 98 67 85 48 22 47 84 42 14 37 18 14 42 68 96 35 24 56 36 82 73 3 62 84 89 3 43 48 52 62 93 66 3 89 34 6 53 82 73 97 47 56 83 3 12 44 59 44 39 87 48 84 42 32 80 89 98 77 96 64 43 54 40 22 35 99 51 58 98 90 64 7 90 78 71 52 18 96 3 51 49 65 6 96 6 44 21 65 17 27 79 30 81 48 1 5 80 98 21 63 88 12 58 12 34 89 66 54 98 70 30 3 62 88 78 36 30 75 46 7 35 68 80 72 21 64 65 70 40 80 22 36 20 66 45 12 4 63 45 56 75 31 72 66 28 14 1 47 8 91 23 98 89 68 16 29 34 42 21 80 57 52 5 10 51 63 83 2 13 52 86 36 11 58 67 97 53 58 30 40 21 22 2 82 65 84 39 0 19 44 56 
90 19 20 0 28 60 71 99 21 39 81 58 4 63 84 31 66 50 3 15 1 97 5 90 61 76 99 22 80 28 90 33 41 41 91 92 35 97 76 33 6 31 88 26 70 55 4 29 39 81 16 94 73 83 48 75 75 79 26 47 29 35 82 24 25 19 61 35 30 33 40 60 6 60 27 48 97 1 78 96 50 39 78 27 80 31 89 83 93 36 82 36 25 30 87 0 48 15 48 56 58 75 56 55 28 34 3 78 25 81 57 6 8 21 43 76 84 28 1 45 13 51 36 49 54 20 51 81 89 87 33 40 37 14 90 22 5 70 52 96 9 37 28 77 90 67 91 26 69 91 33 67 97 77 83 76 85 18 68 11 32 44 38 72 75 62 65 1 75 69 52 90 99 81 69 49 15 77 75 97 92 74 5 55 41 76 41 92 82 48 17 97 6 44 21 7 20 33 63 67 
6 33 80 32 56 50 47 17 32 44 50 37 61 65 69 78 13 83 89 28 18 36 37 73 13 16 48 19 34 31 36 46 72 94 28 93 31 7 85 36 76 39 9 83 28 85 99 35 7 28 94 42 95 53 17 4 17 65 75 3 48 11 49 73 6 77 55 54 19 47 54 28 78 82 31 40 99 38 65 59 46 94 22 69 9 7 40 93 16 54 31 11 59 87 27 11 95 13 87 11 53 57 65 78 21 86 58 28 35 46 30 97 22 30 63 89 16 90 61 88 42 6 86 16 37 49 57 53 39 59 35 85 34 46 34 31 96 38 78 81 54 61 67 29 11 69 9 27 5 89 31 42 22 7 3 47 46 65 9 55 71 57 25 3 71 48 77 61 57 51 22 76 33 51 89 55 39 48 82 97 89 65 63 71 47 80 72 20 81 43 37 64 28 20 70 85 47 96 94 0 
53 88 38 46 77 25 91 4 21 71 11 16 70 24 32 74 18 23 15 72 26 60 42 8 24 51 47 52 14 34 8 71 27 79 65 8 69 85 79 27 45 64 47 66 98 48 22 8 49 68 48 76 99 27 52 3 77 81 70 30 36 89 78 90 44 30 45 14 52 71 15 99 74 6 61 59 5 6 97 9 95 72 87 96 34 17 4 18 3 59 97 95 40 39 31 68 35 4 16 48 41 43 40 77 0 58 29 22 32 46 70 36 7 15 60 84 82 24 12 13 88 3 20 62 16 60 79 9 59 8 21 27 94 58 58 71 55 48 69 12 68 35 53 27 48 23 9 40 98 34 77 75 37 57 70 62 27 80 8 13 2 25 50 92 64 85 72 29 54 90 16 26 7 63 88 64 90 16 53 0 86 67 27 66 75 92 20 38 21 7 57 60 42 1 47 20 38 11 27 64 
41 49 46 89 62 94 6 4 62 42 64 56 41 20 16 92 58 7 9 79 96 7 83 42 93 23 91 98 33 66 53 68 7 12 95 13 47 86 40 29 48 59 8 88 10 0 85 23 13 82 60 55 5 14 8 38 57 39 53 10 39 77 61 14 75 33 53 75 82 97 13 57 98 22 3 44 19 16 59 74 32 18 95 79 85 31 38 55 83 95 36 51 84 91 67 67 72 97 14 98 0 15 61 25 85 85 13 49 46 56 52 47 22 61 84 40 45 74 70 42 66 61 23 60 93 16 84 10 14 57 9 54 33 68 36 79 87 20 64 26 97 22 69 61 72 62 44 21 66 31 99 6 31 91 22 66 46 38 50 44 84 76 26 75 33 27 74 21 6 98 80 31 67 73 34 36 72 43 12 71 56 15 26 76 40 68 48 5 34 48 40 75 69 83 83 92 86 27 60 61 
42 3 61 90 7 87 62 41 89 5 80 69 0 24 6 2 93 65 76 35 2 49 98 21 41 96 16 90 23 99 70 13 77 59 5 42 40 8 85 62 62 39 89 51 80 62 19 18 72 84 72 24 63 12 74 44 27 89 38 64 11 83 85 98 32 76 75 62 18 36 46 23 54 21 76 55 94 4 70 47 35 3 28 13 61 16 4 21 59 80 91 49 66 36 53 66 1 76 48 4 97 69 5 47 5 12 91 43 71 49 60 9 78 20 48 31 28 49 5 39 29 96 35 67 40 59 58 83 82 59 96 43 38 16 92 21 24 25 69 5 9 39 43 52 48 79 40 72 56 88 88 47 57 95 79 53 1 57 24 94 35 5 52 6 55 52 82 38 99 32 98 87 77 70 21 85 44 87 2 71 18 84 4 8 40 43 84 0 98 89 27 73 5 5 0 25 98 35 83 76 
8 63 31 69 13 53 1 13 82 86 53 49 83 23 77 94 2 5 62 22 83 58 60 74 2 18 91 50 25 52 40 84 84 78 64 92 57 55 97 51 77 53 21 68 18 99 58 72 32 8 30 38 13 14 2 14 48 56 18 89 15 69 4 50 23 17 54 9 5 14 44 52 25 87 29 79 96 72 34 19 64 27 51 57 50 43 98 35 47 67 74 60 7 59 45 55 59 81 80 92 86 73 95 82 70 93 75 8 83 24 70 99 19 73 21 20 14 52 11 48 33 41 77 59 8 69 40 19 44 66 59 74 9 69 60 42 1 2 76 3 86 5 55 71 44 19 53 30 83 20 33 24 48 15 6 59 21 10 63 37 48 57 85 65 30 23 28 44 48 95 79 99 79 15 2 34 34 93 87 65 74 72 10 66 98 74 89 71 78 80 92 75 13 61 2 62 98 38 69 43 
2 9 23 47 71 80 60 50 28 91 11 17 75 55 61 47 7 82 86 88 92 85 62 16 31 74 98 61 92 22 4 26 16 37 3 73 85 80 84 89 79 82 28 26 9 52 80 67 65 89 80 90 59 10 64 74 86 90 77 74 57 57 63 19 38 49 29 71 63 76 15 64 55 76 60 62 38 82 50 15 28 31 67 56 92 80 70 18 73 9 53 23 98 84 86 13 99 34 23 98 22 6 49 12 29 7 14 88 61 75 79 31 24 28 71 37 61 9 81 42 65 12 96 74 69 38 4 72 78 36 34 7 80 95 34 91 46 24 47 50 88 76 0 75 88 57 77 46 39 50 31 9 9 63 11 9 62 98 42 51 72 63 17 68 53 49 11 23 84 54 2 76 42 88 71 15 96 66 21 25 62 44 26 14 95 89 20 61 97 19 27 1 62 33 25 14 85 3 21 5 
36 30 24 45 35 25 30 43 61 29 12 45 25 63 82 38 80 6 22 49 35 67 82 79 69 4 9 54 82 3 20 15 88 30 95 4 2 52 2 65 50 7 73 64 11 16 91 37 80 55 23 90 3 98 34 93 29 54 99 26 59 29 75 4 55 38 64 69 34 41 99 33 81 50 23 46 10 6 30 30 77 55 95 86 23 92 6 5 23 39 89 42 0 44 36 24 52 82 72 76 60 98 27 3 17 30 28 23 72 69 84 13 60 51 98 3 37 80 75 14 64 51 64 21 63 13 87 73 29 36 48 68 50 51 56 88 5 30 56 42 84 8 12 41 31 67 40 94 36 49 48 93 26 23 94 93 33 37 51 67 48 76 90 58 32 54 38 24 37 99 73 49 35 66 51 19 53 89 54 60 53 72 78 1 92 33 22 2 40 19 12 67 14 85 32 71 10 84 51 0 
62 19 19 79 76 77 90 11 30 55 83 52 4 92 60 99 60 62 3 56 6 3 19 48 54 55 51 74 33 10 10 73 26 69 41 35 66 21 36 85 60 54 69 82 78 42 9 72 60 64 43 60 89 28 78 96 98 81 76 96 77 82 58 18 23 97 56 67 60 32 37 9 12 16 57 33 6 78 15 64 96 90 59 94 39 71 2 7 83 99 21 27 7 44 55 1 88 65 92 47 76 36 54 30 44 56 23 96 20 63 10 70 75 51 57 6 12 7 85 98 27 60 7 34 28 72 29 50 2 83 3 24 57 35 66 59 64 17 29 29 75 93 40 12 65 22 61 81 55 22 76 78 54 41 66 60 76 21 31 50 15 37 91 84 4 8 14 40 55 69 17 46 66 40 35 36 0 29 13 75 16 46 80 69 59 6 74 60 14 98 52 93 85 39 49 53 71 91 38 21 
98 37 89 68 10 32 98 85 27 87 45 12 74 67 16 76 6 60 36 45 51 75 98 19 39 0 97 92 37 23 1 57 1 27 27 3 17 96 69 25 98 34 0 98 41 82 73 67 32 24 47 43 15 76 41 20 3 3 70 89 3 97 65 34 24 75 52 87 93 77 71 32 83 17 77 23 7 20 29 21 31 60 96 20 90 41 88 40 45 92 79 91 70 3 75 43 93 68 68 36 79 90 27 97 35 69 39 54 9 63 41 36 22 82 43 2 76 92 67 91 1 14 62 95 55 12 0 93 80 6 49 63 31 85 79 39 72 95 54 71 80 47 1 9 23 62 49 15 17 51 61 96 13 47 6 83 31 37 50 46 1 29 83 94 67 46 54 75 21 93 30 0 1 95 42 72 73 44 62 71 85 96 99 13 70 3 30 76 44 54 84 98 85 67 26 28 46 69 72 49 
3 67 79 38 58 78 6 23 3 41 69 34 8 25 16 94 66 87 52 42 4 82 60 84 24 37 26 54 34 78 12 44 20 36 77 98 80 75 22 36 29 91 28 69 92 66 3 46 95 10 70 71 98 88 48 4 59 99 46 0 39 2 76 82 99 77 98 91 55 31 36 98 18 13 20 75 77 24 89 53 17 97 90 66 32 72 68 63 80 15 92 72 24 84 44 84 14 84 17 27 47 26 56 85 6 81 98 87 49 77 63 2 41 1 52 66 32 26 67 38 2 75 47 9 69 51 31 17 38 81 69 47 32 57 15 93 47 49 14 15 22 16 91 9 64 80 11 32 16 69 89 54 18 93 15 32 49 78 12 88 48 25 57 63 84 49 51 5 4 81 92 57 80 19 52 12 34 66 14 76 84 21 19 51 18 62 81 23 35 52 74 4 85 55 3 6 68 77 70 54 
25 69 60 94 40 41 76 90 80 8 5 48 49 73 16 36 96 68 56 77 62 96 56 82 28 88 38 36 84 30 83 63 4 5 47 60 32 18 81 5 24 7 87 21 19 67 26 83 86 44 12 89 97 66 24 89 42 78 20 52 92 79 84 48 43 62 71 37 87 12 26 36 79 73 73 22 12 73 93 58 1 40 38 0 47 19 35 13 85 42 35 69 40 68 48 86 92 53 54 57 78 88 66 20 78 91 10 62 5 6 89 97 74 86 27 1 19 82 85 21 37 40 83 91 91 55 23 63 23 58 20 41 47 87 62 3 37 37 20 91 98 7 69 28 18 35 51 62 67 15 30 86 75 93 20 18 52 25 28 74 47 5 61 43 6 6 44 48 7 30 95 50 65 94 47 42 72 12 31 61 58 68 61 93 21 62 88 49 18 1 96 16 62 62 61 35 4 74 49 18 
41 36 94 54 65 40 56 73 45 10 24 29 56 71 78 69 99 22 24 10 29 14 30 89 38 65 51 6 50 37 78 85 94 36 16 49 88 32 24 13 61 9 46 97 99 25 32 79 3 41 32 84 8 97 40 7 79 19 71 92 66 56 0 42 4 27 22 62 43 4 76 38 67 63 45 55 84 20 72 45 85 13 95 44 44 54 86 66 80 56 41 31 3 89 0 84 61 15 91 76 13 15 58 51 58 26 42 31 63 53 23 21 79 77 79 89 51 43 18 29 39 6 12 44 7 43 5 93 62 20 50 49 24 80 99 15 97 19 16 85 45 63 62 90 79 1 35 41 20 34 75 52 51 50 29 98 84 91 79 74 78 64 21 71 62 61 16 27 35 32 90 66 84 57 79 0 37 86 52 27 76 30 20 79 73 52 93 68 33 61 4 34 3 87 49 98 66 32 10 23 
21 84 44 64 13 41 10 5 98 2 9 30 24 22 56 26 44 84 46 49 68 21 87 29 17 49 11 56 86 5 18 42 68 33 11 86 83 41 7 96 64 46 31 12 23 20 32 55 46 34 44 37 31 67 54 97 73 4 91 77 44 91 24 82 14 16 88 75 44 99 42 46 2 97 1 28 90 45 16 92 70 19 3 99 26 47 41 73 17 59 38 86 51 28 69 75 87 61 48 98 38 49 73 3 12 95 76 19 60 79 73 83 91 59 87 94 18 51 72 37 10 22 9 66 81 29 13 71 56 78 65 87 12 26 67 9 98 33 3 6 64 68 93 78 14 88 83 60 8 53 53 13 14 91 55 60 19 2 75 1 83 40 66 3 62 32 96 36 69 43 84 63 95 89 3 85 35 33 62 27 68 84 34 15 25 90 1 61 23 63 88 12 69 22 61 45 1 4 46 26 
5 15 50 89 94 60 83 20 24 13 56 56 20 81 70 69 82 1 56 10 48 51 16 16 59 24 58 98 28 88 86 69 19 76 65 1 73 31 53 44 46 76 12 40 39 9 66 48 10 38 76 18 21 72 80 11 24 89 10 47 28 43 76 70 61 64 85 84 73 11 98 76 65 41 94 26 80 72 32 29 31 90 26 59 9 6 45 64 89 14 40 91 87 43 91 69 82 22 27 25 17 32 43 17 62 58 93 61 54 25 91 96 30 18 51 1 66 66 66 69 48 23 28 72 48 53 16 47 54 5 6 0 94 27 62 78 25 48 38 1 77 53 85 74 82 80 56 32 8 70 22 44 35 9 37 60 83 5 40 99 61 36 29 45 68 58 6 77 38 37 47 26 55 35 89 91 74 19 92 91 18 67 23 60 38 53 43 73 98 40 3 6 37 17 57 37 84 70 62 71 
67 74 47 62 71 60 86 87 5 52 1 28 36 57 40 65 17 25 56 67 93 58 99 39 22 54 21 70 50 42 99 34 99 35 27 37 25 31 59 85 64 97 52 94 96 9 67 28 99 24 90 45 60 50 91 25 48 43 68 99 33 54 81 46 76 31 32 94 43 89 98 51 46 97 96 41 38 12 95 2 49 45 25 12 57 90 44 51 33 49 33 46 71 8 33 25 14 11 29 9 21 83 85 56 26 11 59 60 83 9 15 50 40 5 61 19 11 84 22 5 46 50 44 79 40 72 61 88 45 70 29 73 36 66 41 71 49 95 57 27 60 8 26 55 89 21 90 99 25 58 66 79 61 46 21 61 83 43 1 96 89 69 51 56 86 57 2 91 6 20 54 42 82 94 87 46 13 92 63 18 71 62 10 42 85 22 93 55 88 22 14 93 16 7 28 17 27 76 53 12 
71 59 58 17 85 77 8 39 52 7 48 88 22 84 6 69 22 0 28 62 63 16 94 2 71 65 99 1 13 84 7 82 25 35 13 98 76 81 79 50 55 76 79 75 50 86 9 34 56 94 36 10 41 79 94 95 32 51 45 77 76 48 34 32 29 26 89 72 0 12 17 18 7 39 2 82 17 91 17 10 58 24 27 1 42 68 39 64 73 91 35 60 50 6 77 8 77 81 26 25 36 45 57 56 90 52 28 74 64 20 90 18 52 42 56 1 92 18 22 90 23 96 70 19 28 29 91 7 48 38 87 9 94 43 69 62 96 76 85 86 25 68 33 95 65 84 57 33 11 68 38 2 0 92 13 63 49 82 31 90 52 65 78 51 0 60 80 58 71 6 72 3 9 63 56 82 53 1 14 75 88 33 97 22 62 2 61 61 19 90 95 60 14 41 63 64 88 68 84 53 
49 51 18 30 15 58 16 42 64 88 29 43 58 34 81 80 90 34 1 84 76 0 85 87 90 87 75 7 50 24 49 45 49 45 71 4 19 28 75 33 4 85 20 9 40 43 53 38 54 68 58 55 18 89 9 83 48 11 41 30 20 22 46 61 82 85 81 27 32 37 45 36 34 6 97 21 73 2 20 39 82 93 67 81 83 42 60 28 68 88 68 57 28 31 0 38 97 82 61 56 21 80 61 43 25 10 70 87 56 68 8 26 98 64 14 36 16 85 94 99 8 21 54 68 74 98 73 9 70 52 61 31 95 94 40 91 65 45 19 41 84 26 71 2 90 82 90 69 86 21 15 88 25 62 49 56 57 44 48 0 72 98 88 47 6 83 99 65 73 76 8 84 0 13 34 86 84 21 97 54 71 39 89 12 20 13 87 36 74 96 95 60 84 35 41 5 61 58 23 31 
37 95 35 84 61 16 81 85 60 89 66 11 43 34 53 14 46 0 1 75 50 81 18 62 85 8 49 17 80 72 95 49 2 19 5 63 67 66 67 12 97 11 46 91 76 57 89 65 32 76 92 71 83 74 50 61 65 62 12 44 84 86 89 9 73 45 4 41 57 32 72 76 41 64 8 11 35 81 20 40 4 18 24 43 84 75 29 7 73 51 13 75 75 92 77 88 71 16 69 83 46 83 97 82 65 24 55 77 22 12 5 49 57 2 46 12 96 52 77 90 34 31 97 26 5 97 16 84 87 39 33 65 84 57 67 79 39 34 2 77 92 18 47 85 46 27 71 58 44 99 63 82 0 57 2 57 30 21 85 18 58 80 2 0 98 86 58 78 87 95 93 1 49 90 66 1 86 9 50 47 14 15 40 28 33 40 87 0 31 65 21 99 9 36 77 59 41 69 9 27 
60 54 95 74 64 19 2 92 0 21 2 97 54 42 37 6 26 2 79 15 54 74 86 56 68 22 43 46 66 95 57 67 50 50 71 99 69 99 92 65 63 5 7 73 62 57 27 72 49 23 12 56 95 73 70 13 74 27 68 5 32 75 39 38 1 25 14 31 50 8 23 89 66 40 98 2 84 82 85 47 14 31 6 62 69 8 72 28 41 3 62 0 0 37 53 44 22 14 80 74 43 40 82 64 89 72 42 95 24 4 65 49 7 3 59 29 30 86 22 98 28 29 93 4 25 92 98 72 46 95 24 26 23 67 7 41 89 21 99 17 70 72 39 33 56 76 6 86 64 87 83 99 78 15 38 23 37 76 48 77 9 4 55 65 67 85 27 71 98 74 38 98 5 60 77 0 2 56 17 97 97 49 3 95 33 64 31 33 13 68 43 16 96 74 89 79 79 50 44 20 
58 24 63 18 65 47 30 5 10 35 29 56 39 0 4 68 13 61 19 35 37 4 39 78 59 30 78 94 27 67 59 19 31 84 66 94 87 0 84 21 57 38 41 37 87 45 26 14 42 12 95 2 87 23 34 90 14 49 89 73 36 19 40 89 38 93 78 44 54 84 60 17 59 76 35 57 92 86 69 49 47 37 3 37 70 71 53 19 33 74 84 63 85 8 94 56 26 84 85 45 29 78 37 38 44 8 52 58 77 71 91 52 56 6 89 16 0 45 42 98 71 93 20 62 4 98 85 47 2 41 54 91 57 6 88 52 56 53 96 29 33 15 43 12 84 23 77 0 11 97 56 22 63 95 8 72 97 4 19 14 79 88 82 44 35 62 69 16 12 71 99 16 66 95 30 57 92 70 82 31 75 38 6 65 54 99 7 39 39 81 61 28 82 95 17 8 56 52 15 31 
44 49 84 44 88 51 23 6 26 67 27 30 61 91 48 43 72 23 36 13 36 35 60 85 69 61 67 70 67 4 77 77 82 40 12 77 99 69 10 38 27 36 25 72 39 28 89 28 88 81 14 91 19 15 43 24 29 32 71 33 1 86 64 74 1 23 37 72 87 35 3 16 19 74 17 54 61 82 24 54 79 92 97 61 61 45 36 90 69 42 37 23 61 15 26 36 24 22 7 61 10 25 83 64 46 46 27 98 84 44 78 26 70 50 90 16 36 55 75 58 23 30 18 90 38 96 28 63 50 71 17 25 62 25 46 17 80 68 59 83 89 89 73 32 3 56 99 90 98 21 26 45 63 51 14 92 74 74 64 3 95 96 16 91 79 47 87 2 56 37 84 57 71 10 80 55 11 94 21 59 39 81 87 29 7 19 74 58 64 13 96 22 4 86 11 72 41 0 36 99 
94 69 71 16 83 40 15 65 39 84 96 28 90 63 80 61 26 7 13 65 9 71 18 47 56 96 19 20 18 36 80 62 29 56 91 97 76 46 24 58 16 21 5 41 4 69 77 31 0 56 7 80 40 81 99 93 91 86 43 89 34 75 6 84 87 47 38 73 27 45 16 95 86 90 23 59 70 7 76 60 11 32 41 31 85 44 31 99 51 10 61 2 96 4 86 10 57 89 76 13 12 34 48 30 77 90 78 96 51 58 2 52 9 54 50 0 33 10 9 78 81 84 2 26 74 52 58 48 94 68 44 15 74 14 69 82 48 28 39 83 74 87 97 13 84 99 21 83 29 7 57 99 16 8 46 62 91 26 24 41 35 68 47 2 88 88 56 24 43 96 0 64 40 26 81 45 19 29 0 76 4 18 95 85 39 85 60 14 92 3 86 85 2 0 27 40 98 53 29 13 
11 83 87 52 23 32 26 67 82 31 74 23 1 55 51 26 82 8 85 6 54 89 83 5 57 4 62 79 39 70 61 20 67 28 25 89 96 16 51 12 48 14 44 83 17 59 76 71 14 47 39 6 9 47 62 63 78 70 12 61 63 49 3 69 9 53 14 12 54 58 26 53 97 4 60 74 64 89 7 91 15 44 88 72 78 84 94 4 81 25 52 3 77 80 95 79 75 61 18 95 80 48 85 82 75 52 4 5 36 47 75 0 73 97 95 78 52 77 93 52 59 85 45 88 78 43 8 90 96 86 55 84 99 19 62 47 8 49 12 34 37 91 36 63 12 16 13 37 89 15 31 84 46 84 52 96 88 91 56 91 38 18 7 71 1 21 60 33 27 25 21 83 19 94 37 76 55 17 68 96 52 34 43 44 24 73 23 2 42 77 35 49 96 99 76 99 56 2 15 31 
49 95 26 11 64 49 63 13 75 13 39 92 46 13 94 65 70 9 84 34 6 58 19 13 46 65 72 9 64 1 55 0 9 4 26 2 43 53 67 23 18 63 41 76 96 22 84 20 40 6 85 89 49 99 58 46 27 38 41 71 61 14 2 90 93 43 93 89 61 22 80 67 90 18 97 97 61 43 98 97 55 94 6 13 64 56 25 51 94 23 27 80 59 11 19 44 34 25 82 14 77 47 34 62 29 90 56 79 25 2 80 99 1 58 86 2 56 10 39 63 60 45 84 63 79 73 50 64 97 16 2 66 41 18 26 11 94 30 77 44 75 8 49 20 14 31 24 93 73 61 51 51 15 30 29 27 98 83 2 59 59 47 95 77 17 8 43 24 38 13 56 44 23 1 52 51 63 60 27 2 9 9 20 7 94 59 74 26 7 95 36 31 4 55 34 54 26 22 41 41 
6 74 66 73 5 68 81 29 5 59 83 73 3 0 22 30 21 61 71 86 34 48 77 89 20 80 74 52 81 16 27 23 5 62 51 91 27 26 11 11 34 10 48 22 49 4 27 92 5 69 54 21 54 89 76 94 94 69 14 80 28 23 85 1 70 86 47 84 6 0 31 11 56 33 51 54 22 15 85 55 85 76 19 19 57 80 71 95 12 50 4 50 53 34 49 24 37 82 97 90 69 43 11 52 45 84 95 38 47 91 81 89 18 78 35 54 40 27 7 64 59 33 8 29 56 34 72 44 68 76 71 27 40 82 61 59 25 62 7 17 96 20 55 20 57 54 45 58 55 57 5 53 66 44 42 46 45 30 71 79 74 71 62 67 71 94 94 63 67 62 45 45 20 43 74 45 67 15 22 39 79 7 6 89 27 46 43 97 3 93 95 73 43 83 57 35 49 72 30 68 
60 59 45 50 25 85 93 12 80 84 33 7 66 52 21 49 94 27 67 54 55 0 76 79 33 7 75 35 43 94 52 27 17 47 40 77 72 42 49 62 53 76 75 20 58 5 86 78 82 28 30 23 54 54 83 37 12 43 77 75 95 55 60 87 1 56 66 86 98 2 34 39 42 20 64 61 12 50 13 68 5 63 20 32 99 59 55 27 94 70 42 36 78 56 94 75 28 61 32 74 99 56 32 10 23 97 24 66 30 75 8 81 2 71 9 80 88 18 17 40 1 1 2 45 93 92 63 14 93 49 40 0 61 79 57 55 15 29 4 42 83 76 56 34 36 73 30 19 77 50 75 16 18 68 46 1 27 57 59 78 10 99 86 42 83 62 53 51 66 56 22 6 82 66 91 42 96 19 9 27 69 87 47 44 73 36 27 22 46 27 24 25 98 42 5 42 95 2 17 93 
48 87 32 59 37 64 66 81 81 52 66 84 8 12 99 4 39 79 41 62 77 17 79 72 89 16 29 74 74 96 77 67 59 68 65 64 5 34 18 53 79 34 86 28 12 50 17 12 27 22 69 80 13 2 86 30 52 23 35 1 53 7 56 56 54 62 73 9 37 61 11 43 32 44 47 66 97 54 65 15 74 56 95 39 86 53 50 69 98 33 0 96 61 2 83 80 55 43 6 14 80 75 41 84 16 93 73 92 54 89 75 61 84 33 30 49 86 32 32 31 59 73 10 19 30 10 50 12 12 25 16 68 78 15 68 19 19 24 1 80 68 52 44 0 42 93 26 47 98 60 51 47 62 63 81 99 6 69 14 18 37 27 8 27 62 70 78 71 84 68 70 68 98 73 65 66 78 41 83 44 80 53 36 94 22 46 48 70 15 49 24 71 15 59 41 86 24 70 84 64 
97 27 94 51 27 66 15 45 86 7 17 4 74 77 98 40 53 18 78 26 27 86 60 78 58 57 78 29 53 86 99 17 21 77 87 66 4 65 71 23 86 70 92 59 0 44 83 72 23 24 11 5 82 77 27 33 28 46 6 42 19 92 70 64 81 78 77 74 58 85 12 34 48 69 16 77 96 49 6 94 90 85 8 40 37 79 70 4 37 21 56 1 77 81 24 15 83 55 36 39 62 6 28 71 89 28 82 82 58 54 4 4 15 38 41 48 86 62 48 47 39 31 42 14 76 77 82 17 40 39 93 68 22 93 6 24 43 70 36 25 73 9 18 13 98 81 30 13 26 15 71 62 46 46 21 69 30 3 88 85 0 6 14 4 35 85 61 26 51 34 61 89 24 19 26 23 46 74 1 59 26 50 62 99 5 10 70 88 51 29 36 91 42 91 67 17 64 92 68 11 
83 13 68 57 95 71 25 38 96 91 77 5 64 98 57 78 32 43 14 5 92 50 67 10 18 27 66 75 57 51 70 23 56 63 12 39 29 16 51 2 20 45 28 39 44 19 32 41 17 11 33 24 74 58 15 39 13 65 74 14 3 96 42 88 58 66 93 15 50 34 59 75 75 93 44 88 62 2 64 94 13 49 18 88 7 33 79 72 99 53 39 54 2 81 94 60 99 40 75 86 79 42 6 88 37 55 58 77 63 92 56 87 43 62 26 49 64 59 43 24 58 83 51 7 58 89 32 53 61 40 15 76 56 23 34 45 7 98 65 12 52 80 88 65 34 6 82 95 48 65 0 99 36 0 64 86 93 95 55 60 5 68 6 17 21 65 42 14 74 95 2 87 63 60 5 37 25 99 53 77 26 15 56 4 8 5 65 13 73 4 23 19 10 13 36 66 9 39 53 24 
