200 50
83 67 67 56 73 19 84 37 98 24 15 70 13 26 91 56 62 36 39 12 65 70 35 6 40 4 18 28 88 54 42 10 50 60 1 55 30 79 76 50 55 84 8 58 98 3 33 33 48 54 
67 46 68 29 0 46 88 97 3 33 63 97 53 92 86 25 52 96 75 88 57 29 56 94 35 88 9 47 51 80 31 20 29 0 59 18 38 25 88 74 33 57 81 93 58 70 74 77 28 3 
63 22 24 98 65 10 16 24 9 39 0 78 9 53 81 14 38 89 26 67 47 95 62 83 76 54 83 93 99 31 77 57 52 17 41 35 68 98 54 78 97 55 72 74 45 25 34 28 31 75 
19 89 44 69 38 31 16 83 77 87 72 73 57 62 25 53 57 87 11 34 33 87 22 87 73 42 20 8 45 95 22 71 95 78 39 79 91 88 20 98 3 35 49 85 52 28 8 53 62 3 
86 42 32 34 7 10 34 69 96 15 84 96 24 82 65 51 16 61 43 37 87 61 14 39 49 35 22 40 68 43 55 39 66 36 87 16 11 8 73 55 66 34 71 94 46 74 58 5 10 1 
65 89 67 90 26 32 40 61 27 95 47 66 90 84 94 59 36 76 84 71 9 38 2 82 95 93 51 19 56 88 28 42 41 14 24 58 54 9 6 11 80 23 31 52 71 70 96 64 4 68 
74 62 68 16 46 49 37 21 59 3 87 21 42 9 35 46 30 95 60 63 34 4 44 57 3 46 61 60 50 27 52 53 71 77 23 42 90 88 96 49 48 51 60 87 79 29 58 7 53 55 
6 81 35 37 72 66 20 1 98 91 8 89 93 17 89 67 96 39 14 61 38 95 51 58 98 76 8 47 78 55 63 36 64 77 51 15 9 54 14 12 20 10 90 70 68 41 7 71 39 4 
55 90 47 42 83 12 46 14 52 40 41 30 53 64 90 54 30 86 72 62 87 72 97 25 21 89 60 20 76 42 10 92 24 9 29 69 75 80 83 27 20 24 62 28 59 32 31 82 5 96 
75 28 23 29 56 28 25 31 8 35 22 79 30 77 46 90 90 32 35 49 18 91 77 95 23 38 30 97 17 13 74 16 55 65 15 68 49 53 56 77 25 11 32 9 30 75 75 76 66 31 
53 81 33 89 8 61 17 74 92 49 28 15 75 22 72 30 57 81 45 66 92 70 38 72 32 38 42 6 82 91 86 50 18 9 22 48 18 55 45 84 8 89 78 79 47 16 11 75 10 0 
82 75 60 46 11 2 97 46 65 27 82 46 45 44 88 18 58 70 37 73 76 45 53 47 34 15 56 53 1 64 97 89 4 1 83 7 64 69 10 31 35 87 83 41 64 22 49 70 49 81 
7 94 15 17 81 93 17 47 68 47 42 86 78 26 2 64 19 37 86 77 13 10 9 85 46 43 74 18 48 66 15 41 57 21 62 68 24 41 95 23 36 52 68 53 22 46 29 24 5 19 
54 68 4 49 62 60 40 86 79 1 95 76 69 11 42 83 93 84 69 51 48 48 84 29 1 71 86 72 3 65 41 96 53 81 31 87 28 24 36 33 10 37 7 10 10 96 27 7 29 72 
2 20 12 67 50 76 61 98 83 65 59 68 76 4 12 84 76 82 49 10 44 47 25 35 45 9 85 61 10 99 23 71 60 69 89 68 31 36 9 60 34 27 97 54 43 50 44 82 68 57 
23 88 36 56 91 40 96 30 49 14 89 11 12 50 89 69 45 52 42 81 29 3 58 54 46 51 65 52 96 62 55 92 49 27 42 92 16 20 67 88 30 61 41 18 10 45 25 40 17 97 
3 29 46 95 40 33 44 17 0 12 5 82 25 47 0 36 44 77 76 61 74 31 15 57 20 54 72 93 81 84 65 61 92 0 57 2 72 4 4 25 3 59 45 9 87 38 94 93 97 80 
71 89 17 24 57 7 76 42 52 3 90 40 0 35 77 6 66 38 56 80 67 0 92 15 85 6 82 38 6 17 28 43 35 84 93 95 64 12 93 18 90 86 47 86 14 45 39 76 20 39 
15 19 86 76 82 59 9 32 26 85 66 67 5 28 78 93 29 0 6 54 95 5 5 14 42 42 36 82 44 76 18 24 60 0 57 60 6 11 16 50 31 95 62 46 48 39 6 75 29 22 
51 85 66 97 30 93 1 28 59 7 86 68 59 58 0 50 34 52 31 15 54 77 83 36 86 69 44 44 45 54 89 36 25 91 96 16 63 36 99 57 77 7 23 11 6 26 6 23 71 91 
21 67 64 14 43 43 54 28 92 47 21 80 39 65 43 77 11 91 9 75 84 65 28 5 35 46 68 94 13 0 19 8 46 76 75 20 81 90 97 98 86 18 90 5 37 16 21 30 27 21 
15 20 88 22 24 99 11 57 22 36 6 65 27 33 19 51 80 83 62 42 89 90 79 48 52 74 89 82 55 48 33 75 19 89 85 13 27 2 87 1 52 23 87 85 98 6 27 35 86 87 
51 99 18 16 36 52 8 9 75 70 74 44 89 15 80 97 33 64 81 46 93 43 6 25 67 26 68 3 86 41 35 98 38 75 22 56 67 52 82 46 70 70 52 69 22 59 38 49 51 13 
18 90 72 97 77 8 0 14 51 38 17 51 83 52 61 52 67 11 70 80 17 64 2 22 15 54 41 78 77 22 95 41 21 66 20 82 76 23 43 90 90 23 52 81 13 92 47 36 5 85 
71 70 50 41 82 52 41 42 26 7 51 20 14 4 64 19 50 27 10 21 86 36 64 38 54 10 19 79 75 16 65 16 54 97 54 10 57 99 90 69 28 76 50 72 28 81 37 44 64 28 
86 67 81 25 84 27 14 26 86 94 39 95 70 34 78 67 1 97 2 17 92 52 56 1 56 29 13 69 90 99 72 25 44 90 5 86 5 61 19 24 22 92 32 69 60 97 29 49 43 35 
77 96 77 34 90 26 24 57 14 68 5 58 12 86 0 27 83 71 99 62 82 90 92 91 57 15 39 80 7 59 57 44 99 11 27 50 36 60 18 5 63 49 44 11 91 55 14 89 68 93 
18 5 82 22 82 17 30 93 74 26 93 86 53 37 85 50 35 47 69 18 1 3 53 33 7 89 31 94 81 3 20 33 81 30 26 69 71 51 49 10 28 39 98 12 6 89 75 35 89 73 
64 35 48 95 77 13 33 98 49 55 55 93 68 56 60 33 23 86 71 58 77 40 45 81 61 90 23 50 0 54 2 97 2 10 80 26 89 40 8 69 10 33 81 24 63 35 1 63 72 26 
34 58 25 56 52 45 72 46 39 11 83 3 61 25 74 1 92 18 32 98 25 84 28 97 60 79 14 90 50 93 33 39 80 94 93 13 73 68 81 13 83 99 77 35 69 72 91 40 11 23 
87 57 36 93 25 53 60 52 20 40 78 28 69 70 27 98 20 63 21 60 67 92 63 4 68 41 0 69 83 69 84 24 33 69 99 49 99 28 89 13 76 63 0 54 59 51 56 69 26 81 
19 55 24 86 75 10 2 4 51 23 83 44 46 12 55 93 42 0 56 96 44 88 24 6 98 56 13 35 47 54 62 44 10 2 57 32 40 51 86 71 99 46 92 18 76 57 53 75 63 15 
19 25 69 77 9 9 95 32 31 0 22 50 54 54 64 83 55 3 37 33 42 13 17 34 52 49 93 18 5 2 61 12 57 80 90 29 59 64 71 90 80 13 27 38 10 53 23 61 12 46 
54 17 69 83 62 28 87 95 54 82 43 62 50 40 5 14 38 18 57 73 62 45 4 93 25 7 35 46 5 49 5 48 53 73 81 39 39 76 76 49 37 29 89 49 97 92 17 65 22 86 
49 30 92 57 92 37 27 33 75 38 85 90 70 46 17 91 89 60 92 73 29 58 70 33 91 85 57 97 37 90 99 88 80 53 71 34 28 59 20 45 81 83 50 1 29 19 92 70 80 37 
43 9 66 94 39 3 3 88 40 93 87 81 52 63 27 72 39 95 55 17 3 59 37 19 46 66 82 78 69 65 6 28 60 85 68 54 51 11 21 0 69 45 26 26 4 62 16 95 42 94 
88 98 54 59 78 33 38 37 45 84 44 99 73 58 28 28 37 89 91 46 49 29 77 40 83 23 22 93 7 9 33 58 3 72 43 79 82 40 28 74 15 23 75 45 34 72 5 39 14 10 
35 96 32 13 81 91 7 31 4 77 84 49 4 73 61 21 99 30 15 56 22 12 45 63 69 26 74 37 15 85 57 59 71 75 88 57 73 45 38 1 86 55 13 73 62 91 79 98 63 59 
90 84 9 85 59 32 2 9 57 41 21 46 18 9 7 2 28 64 95 43 31 24 64 71 94 19 44 77 62 69 32 27 8 46 20 73 15 36 93 56 68 58 91 68 87 43 28 38 16 10 
34 26 34 77 63 40 40 98 47 31 67 34 74 95 24 42 58 59 30 49 74 60 57 24 8 81 18 66 26 80 53 84 64 94 48 7 52 61 32 11 45 95 94 40 61 22 39 97 19 82 
39 32 37 14 51 9 81 42 96 18 12 81 98 12 44 90 79 10 40 84 56 73 78 91 35 48 19 75 98 29 94 6 41 39 65 36 30 74 21 58 24 62 69 9 38 73 98 57 39 76 
60 98 52 23 19 92 48 75 43 15 72 89 79 61 24 32 46 27 90 7 80 94 85 35 75 73 14 42 73 43 60 62 23 60 72 2 55 13 40 78 25 46 96 52 72 53 33 6 46 53 
98 67 1 47 34 90 58 46 92 42 84 96 44 35 24 9 77 86 74 13 12 76 27 11 98 13 80 85 97 86 89 95 90 40 45 56 13 97 83 2 31 2 59 58 82 16 1 27 44 85 
83 0 5 88 85 67 79 86 6 26 57 15 5 33 98 16 14 32 19 94 44 25 57 45 62 7 62 34 7 58 63 97 3 7 78 85 52 37 61 78 96 20 54 76 57 62 67 54 1 83 
41 43 78 82 45 67 50 38 48 34 55 61 78 8 70 81 80 74 37 6 8 80 71 75 61 2 97 48 19 68 94 57 64 53 20 39 28 88 81 49 38 14 7 25 44 47 50 68 75 16 
72 6 83 8 9 11 21 32 74 73 72 77 43 92 3 42 97 88 40 82 98 59 66 51 9 24 74 71 2 37 93 85 60 4 31 91 10 74 57 89 12 16 69 55 85 15 95 40 23 65 
22 3 39 75 67 11 39 62 99 59 0 16 94 81 5 84 16 74 47 4 25 30 96 73 32 0 91 6 73 6 5 45 70 18 1 24 71 92 30 61 18 83 58 34 31 94 28 17 16 49 
27 73 50 15 71 39 28 73 73 9 92 98 95 79 6 69 24 18 98 52 82 39 87 85 69 30 92 52 33 72 10 15 94 45 0 82 17 40 28 19 33 74 38 86 8 98 39 46 66 6 
17 10 50 86 52 4 98 96 7 99 75 27 87 97 82 70 14 84 67 98 13 16 86 72 77 29 28 90 33 36 27 8 1 99 89 32 76 38 38 14 73 88 87 7 65 60 91 44 54 67 
34 77 61 18 35 45 26 67 49 20 8 25 39 74 74 96 96 59 79 32 21 39 57 44 20 11 60 86 12 11 83 24 38 69 84 58 96 74 19 28 39 11 34 92 45 17 80 32 40 68 
69 11 21 45 67 86 41 65 89 44 19 40 29 31 17 97 71 81 75 9 27 67 56 97 53 86 18 51 21 55 79 88 64 28 41 50 93 0 34 64 24 14 87 74 93 28 43 11 28 29 
4 38 17 17 96 24 43 70 82 1 78 5 20 36 44 26 22 65 8 16 82 58 24 37 62 24 0 36 18 48 72 59 9 36 10 42 87 6 72 96 55 5 49 39 85 41 88 38 66 70 
84 56 17 6 60 49 37 5 59 31 21 57 74 91 47 51 31 21 37 40 54 30 98 25 81 16 38 70 76 5 14 62 75 88 19 10 32 94 17 46 35 53 50 86 57 31 22 81 75 50 
79 90 54 50 13 82 37 64 86 93 76 41 23 10 95 63 53 59 39 44 96 30 67 94 13 57 19 60 50 92 32 76 79 90 53 35 0 9 47 86 97 47 72 16 86 12 59 77 0 53 
97 51 33 14 85 97 0 97 8 29 49 13 16 75 65 86 30 26 92 16 69 33 46 81 60 88 79 20 41 93 24 35 8 62 42 70 96 63 66 11 0 15 87 34 82 44 75 23 38 51 
65 20 83 59 55 90 42 0 38 90 25 63 84 15 60 29 30 7 84 95 90 5 46 4 44 35 75 85 3 30 29 46 50 85 50 49 63 86 79 89 37 89 47 53 95 80 24 11 99 84 
11 14 43 26 84 42 32 7 98 41 56 2 80 6 85 91 89 4 13 6 8 69 98 3 87 70 7 11 69 26 3 40 71 64 88 26 23 51 72 42 92 44 22 86 28 76 9 87 2 26 
38 58 49 58 68 81 46 28 20 39 15 34 57 60 35 7 77 10 62 86 70 97 93 17 61 28 24 17 66 58 59 66 93 59 6 32 40 61 63 74 24 42 54 26 54 39 78 75 19 12 
24 2 9 46 30 9 69 25 51 57 73 70 58 85 83 86 52 3 68 76 32 27 30 67 66 37 4 33 71 92 94 17 75 55 38 0 7 0 34 99 40 70 72 27 51 82 47 52 54 55 
14 91 86 38 60 44 28 49 35 91 11 95 88 39 83 23 36 57 58 26 2 65 91 50 20 90 8 22 88 58 57 90 61 95 40 68 40 97 75 96 90 22 4 12 8 28 97 65 97 30 
72 72 23 67 22 51 46 69 77 96 66 38 81 58 79 2 61 18 63 49 53 7 51 88 99 80 70 38 52 32 25 76 82 51 98 71 63 70 47 57 32 91 21 3 16 53 38 96 26 63 
5 52 23 38 32 63 48 65 7 82 47 26 79 15 84 95 52 57 1 27 60 20 56 12 49 5 41 67 44 15 69 46 44 89 90 14 21 54 4 47 24 86 3 11 4 15 40 84 0 55 
58 64 72 73 68 79 61 61 9 89 78 90 80 79 9 4 39 94 71 4 78 46 78 17 55 97 96 58 53 91 65 75 24 77 37 16 85 24 81 49 87 90 11 38 18 30 86 43 76 56 
55 4 27 27 2 75 36 19 36 27 36 94 87 28 29 39 94 65 43 54 42 32 65 29 5 31 35 54 92 30 18 31 78 5 84 19 80 40 42 23 18 42 76 5 24 15 92 84 40 28 
86 76 42 81 96 78 64 79 76 39 47 36 79 80 73 11 60 50 50 59 38 29 11 33 43 94 4 39 24 18 60 56 97 68 64 65 9 43 69 58 60 1 34 30 70 46 23 11 88 49 
8 99 65 35 64 12 27 18 63 14 27 15 74 78 81 82 57 93 59 75 48 41 5 54 55 38 53 65 27 26 64 7 80 1 61 47 41 29 46 66 84 20 16 53 89 39 65 13 41 20 
26 81 51 4 79 47 56 52 57 36 98 38 94 77 98 51 73 46 66 9 35 73 51 75 37 34 18 56 75 28 5 4 3 78 90 10 76 3 37 77 22 59 26 14 30 40 96 60 54 21 
20 65 60 44 3 8 86 1 69 18 99 70 78 60 65 70 45 10 88 46 22 16 47 92 81 39 58 2 27 29 96 3 39 35 58 62 90 85 15 25 26 59 3 60 4 22 10 29 57 87 
36 62 21 0 22 66 6 0 14 92 5 47 89 69 72 70 21 7 46 9 54 20 89 25 32 64 97 59 37 2 26 39 74 35 35 35 68 38 68 15 64 72 36 25 84 2 82 85 39 92 
44 11 17 70 7 16 98 2 67 66 89 40 14 68 53 46 34 86 86 23 51 63 25 33 48 65 27 1 84 85 28 74 48 77 62 7 4 72 45 84 61 74 49 70 72 79 21 91 36 49 
21 8 97 8 5 30 68 64 89 52 31 66 97 82 27 50 13 22 29 74 57 84 76 73 91 1 51 59 78 84 85 78 60 22 0 45 48 86 47 95 8 13 69 32 9 63 40 57 34 18 
71 4 32 73 25 2 39 45 36 90 83 74 46 71 94 13 51 68 54 68 93 55 23 57 62 83 12 79 50 98 59 22 38 30 46 54 91 43 40 77 90 33 50 5 37 33 72 91 66 29 
28 92 92 67 74 51 91 39 26 74 51 75 27 55 20 51 67 1 32 35 36 28 34 94 82 86 76 99 27 4 18 12 30 4 55 7 81 30 26 80 67 12 74 49 99 95 85 85 56 11 
86 7 57 40 64 35 5 89 7 64 15 45 2 67 33 51 46 19 19 15 72 1 79 67 87 22 55 65 73 97 89 37 91 8 9 75 1 80 61 26 60 79 9 79 64 69 14 1 37 70 
5 57 84 10 64 68 57 17 84 69 17 8 12 43 56 52 21 74 61 84 46 57 81 85 65 82 84 7 67 10 98 23 15 76 49 42 94 56 64 1 55 5 32 87 27 39 11 20 1 81 
83 19 68 8 79 33 99 99 2 28 3 0 81 47 38 51 39 64 38 44 87 45 73 58 73 37 89 83 7 78 57 14 69 18 34 25 10 17 63 73 59 82 22 21 76 59 28 6 97 20 
84 8 34 98 91 76 98 15 52 59 23 99 85 10 8 0 97 27 82 59 80 87 56 90 41 70 52 65 11 69 17 61 83 0 54 90 64 67 92 68 74 18 33 41 43 54 44 59 87 0 
45 82 90 95 40 63 35 4 73 6 64 23 51 49 51 30 39 4 65 86 2 25 7 84 31 61 19 31 53 28 27 94 19 43 81 23 68 87 39 48 7 54 61 6 34 15 81 9 66 15 
27 82 3 12 81 73 71 13 58 99 22 84 61 3 0 20 0 5 32 48 61 17 7 47 91 2 17 41 2 90 50 81 26 50 62 28 78 64 60 38 96 90 54 69 36 8 82 51 66 48 
80 44 94 45 58 52 8 86 98 5 13 44 30 21 47 7 78 72 40 87 62 57 84 25 82 65 17 18 25 41 31 63 10 86 94 94 17 35 83 58 82 37 53 15 13 17 14 42 56 80 
56 47 67 39 19 93 9 48 54 70 28 50 55 59 50 29 31 48 42 88 77 49 58 14 48 43 26 77 0 60 83 86 6 37 67 34 36 87 71 76 94 37 65 31 67 4 96 59 41 55 
26 5 29 80 55 99 57 16 32 50 4 40 51 52 55 23 41 72 1 92 39 62 46 54 26 19 16 69 89 84 10 96 67 85 41 58 23 90 28 11 58 74 37 36 43 9 14 93 18 69 
26 94 46 64 5 24 72 60 79 27 37 9 25 83 65 21 3 35 57 15 77 57 27 88 10 36 57 88 66 25 5 7 84 69 31 69 59 4 89 90 54 14 29 3 79 8 63 56 60 32 
29 38 69 49 57 93 62 25 45 13 66 64 37 56 34 52 83 17 60 80 67 66 86 33 68 91 67 67 63 16 82 61 41 28 73 18 70 24 69 27 5 96 49 63 10 94 92 39 9 23 
49 33 16 10 91 26 68 47 73 87 10 99 74 76 19 66 22 63 40 51 96 66 21 78 5 64 55 71 16 83 64 32 84 56 61 78 71 45 42 45 94 65 95 27 72 89 2 89 5 17 
59 86 10 28 85 30 85 64 86 85 80 77 17 64 9 11 52 63 29 86 98 57 29 76 88 40 84 56 15 87 98 82 68 91 89 31 32 21 50 64 15 62 57 72 80 73 84 0 2 46 
80 31 92 87 4 19 80 27 68 93 53 20 19 42 19 66 39 87 85 18 32 28 48 63 40 67 13 68 80 63 3 46 53 41 70 54 1 25 13 87 15 47 17 94 49 36 23 12 98 41 
2 75 73 5 28 37 3 9 91 54 57 77 81 83 47 40 67 80 38 25 31 17 26 58 23 36 26 77 83 60 67 94 58 36 12 10 33 17 87 84 54 51 62 4 23 30 32 2 93 82 
15 25 68 57 33 42 70 50 18 79 28 87 36 19 49 92 49 84 0 94 90 67 72 56 88 2 42 70 96 97 83 27 5 96 44 76 56 90 68 80 94 58 19 22 94 88 47 3 95 57 
97 96 64 53 72 62 5 50 77 78 63 39 16 52 57 45 61 55 20 77 24 17 90 87 92 26 96 65 64 66 22 29 19 9 48 97 51 51 64 88 4 36 6 55 84 75 29 33 93 67 
40 99 20 55 92 19 7 72 22 2 99 51 88 92 71 28 91 16 96 78 12 32 14 81 22 34 48 38 58 76 53 29 93 49 23 14 70 56 64 17 96 78 92 45 0 16 25 21 7 80 
7 36 46 48 74 77 51 46 27 44 3 16 26 97 24 13 87 65 76 38 76 40 53 63 3 41 20 50 16 44 27 73 81 43 52 64 31 29 12 22 74 62 81 13 72 16 8 45 34 15 
31 47 61 95 30 17 90 52 43 60 88 4 73 37 38 4 83 22 52 3 3 31 94 51 47 9 39 98 66 16 6 89 80 56 91 47 79 82 53 7 61 8 74 93 11 29 76 5 80 75 
66 52 50 70 74 37 12 49 23 36 6 61 61 94 36 97 57 98 59 54 60 31 30 76 31 63 27 29 20 52 2 27 79 37 30 66 53 68 12 0 24 91 74 96 0 8 47 74 12 65 
43 59 48 32 41 74 3 23 3 41 33 73 32 79 76 23 35 67 81 21 93 4 18 47 23 52 77 85 22 12 30 60 30 43 86 70 56 59 91 50 23 28 31 64 85 81 80 60 4 5 
4 11 38 20 77 84 99 0 61 2 39 62 6 62 49 44 12 8 23 47 94 62 99 94 33 67 30 85 97 67 48 73 62 64 95 42 27 36 98 32 11 2 76 37 73 36 54 56 27 25 
20 49 93 28 16 20 70 44 42 98 40 30 26 39 56 12 11 57 5 92 26 78 62 70 79 40 29 60 14 96 30 29 66 88 59 26 35 84 3 37 43 86 51 48 44 35 58 17 15 49 
18 61 54 41 15 53 63 61 88 23 70 8 46 82 80 81 80 84 1 97 38 53 32 87 87 27 28 60 93 48 42 22 23 86 12 14 61 59 48 14 39 29 47 71 13 48 20 51 4 81 
46 59 19 60 50 48 60 21 14 8 42 17 12 86 74 78 91 15 79 35 36 12 39 50 94 38 38 99 23 38 22 25 15 6 99 94 97 67 25 84 3 38 75 53 83 5 7 35 98 90 
88 91 32 14 99 35 86 24 3 92 75 97 41 42 74 25 97 12 0 2 44 14 45 79 31 11 66 34 53 54 26 38 20 77 25 6 1 28 50 28 77 91 23 52 68 70 24 98 22 29 
29 70 19 28 29 40 96 23 21 37 18 43 83 30 99 68 71 73 31 81 94 63 81 72 72 50 25 85 22 99 40 42 98 13 98 90 24 90 9 81 36 94 4 73 42 21 67 4 13 61 
54 26 59 44 2 2 6 84 21 42 68 28 89 72 36 8 53 90 60 14 21 60 4 28 27 50 48 43 59 34 15 27 4 0 71 81 90 93 57 86 14 55 12 90 12 79 10 69 89 74 
55 18 17 22 94 21 4 83 42 96 79 21 70 84 72 27 34 40 83 72 72 54 71 6 32 81 87 15 96 25 4 22 92 51 97 32 34 6 90 14 76 16 20 92 25 28 39 25 90 36 
60 18 43 37 28 82 21 10 55 88 25 15 70 37 53 8 22 83 50 57 97 27 90 28 21 34 21 59 85 57 54 61 62 72 41 16 52 50 62 82 99 17 54 73 15 6 51 64 90 63 
91 38 4 39 69 52 42 24 59 51 7 18 74 80 93 85 48 5 30 29 59 98 60 62 24 19 80 83 38 20 38 70 69 47 51 89 86 48 12 96 24 33 13 86 99 39 21 35 54 1 
52 17 58 36 90 60 26 14 73 37 65 48 21 20 9 63 62 97 87 57 92 23 21 10 99 61 34 28 39 58 41 4 10 26 61 35 93 55 1 53 96 0 29 7 58 53 79 7 8 2 
86 85 6 46 23 4 51 37 1 33 10 48 92 69 0 8 39 55 10 50 37 64 80 64 35 38 25 74 61 39 84 82 50 72 43 86 68 19 29 48 44 94 18 94 6 35 0 86 2 17 
16 96 23 6 13 92 4 10 42 2 27 4 54 39 73 77 57 59 93 92 50 57 78 2 60 47 31 44 26 61 11 92 98 68 77 21 63 36 24 9 28 74 66 59 29 60 45 15 82 88 
3 61 68 42 58 17 96 98 88 96 55 47 6 41 56 35 57 81 7 23 99 36 79 89 18 27 7 73 56 15 61 3 7 16 87 46 42 16 65 65 24 6 58 41 20 25 91 88 79 31 
86 91 30 77 40 15 81 33 92 69 77 98 40 37 68 16 66 49 96 21 48 5 69 66 96 51 77 75 5 26 53 30 72 25 29 88 72 43 18 76 61 86 26 1 23 94 70 89 96 18 
62 96 24 8 96 29 0 35 38 97 40 34 46 90 9 12 13 10 7 51 83 89 64 64 36 15 66 31 46 68 75 24 41 41 77 28 96 1 30 88 85 57 51 51 7 8 62 45 35 31 
6 40 20 49 57 23 0 79 54 10 14 78 64 14 59 63 33 14 55 44 49 38 34 19 83 2 4 69 74 33 9 98 9 31 78 57 94 76 18 45 9 18 25 21 5 67 60 31 49 59 
20 16 34 95 61 21 20 66 12 86 77 46 49 44 21 84 45 59 8 44 46 91 51 28 69 89 97 92 74 28 81 65 91 26 96 65 89 37 16 37 89 72 78 48 30 97 21 97 50 23 
59 18 6 75 31 84 45 41 27 68 31 7 92 87 51 29 67 80 46 32 66 77 26 27 4 63 81 26 17 35 28 43 4 12 87 96 76 49 60 31 30 5 82 66 16 84 97 73 86 93 
6 72 28 82 31 24 87 92 27 81 21 92 45 61 69 19 75 8 68 18 43 23 71 91 44 43 53 94 25 43 23 90 87 28 84 64 34 18 51 47 80 90 90 9 15 79 68 62 25 98 
27 82 71 15 90 14 21 82 89 80 75 41 72 67 40 68 47 25 3 22 98 69 17 23 32 93 70 86 42 67 13 89 82 39 66 18 51 85 0 4 57 69 49 4 85 18 64 60 6 49 
6 62 15 55 46 17 38 0 76 96 82 45 10 20 15 66 43 98 51 46 43 22 12 46 52 46 93 4 16 94 48 91 31 50 10 72 69 90 60 45 87 88 10 56 21 55 15 59 68 77 
16 71 28 9 48 71 94 78 96 73 52 87 37 34 97 88 28 98 5 55 17 41 28 80 85 86 55 47 3 68 33 2 30 66 50 72 40 20 26 84 64 13 38 31 79 28 30 50 50 33 
96 71 11 0 40 2 70 47 4 84 46 91 51 66 21 69 31 29 33 4 46 35 32 24 93 73 87 59 59 9 79 82 97 4 13 72 72 18 62 85 58 67 20 23 19 6 35 94 13 93 
10 4 84 85 71 56 44 46 93 44 45 71 11 37 38 2 54 6 8 45 12 70 82 66 45 58 82 95 72 66 64 68 39 71 83 42 89 8 13 34 38 93 78 88 53 51 65 85 54 5 
30 52 0 61 59 69 38 29 67 90 56 49 88 89 5 0 78 7 18 42 42 56 21 74 84 73 67 15 78 2 67 86 17 1 29 12 95 58 59 44 42 22 35 3 98 71 76 15 33 90 
88 94 66 69 83 83 63 75 81 47 60 78 73 20 57 82 51 22 4 65 68 94 83 64 52 35 27 15 75 39 73 6 94 95 42 53 12 21 86 49 72 27 95 30 8 80 47 43 16 54 
10 78 5 85 93 20 20 31 41 28 54 61 39 85 49 89 54 62 28 45 12 40 41 66 7 95 53 13 75 64 15 47 65 97 19 71 52 28 11 71 73 71 23 10 16 24 99 70 87 80 
15 51 20 9 17 80 56 23 45 83 87 61 31 53 58 50 76 10 31 87 33 56 10 8 19 26 33 70 72 23 23 25 92 55 81 15 0 64 55 13 47 50 8 96 54 1 20 73 63 93 
69 32 13 14 57 78 65 92 5 1 82 83 87 86 70 36 57 91 92 29 76 13 55 26 90 75 80 55 24 2 11 22 51 16 76 40 45 11 58 91 6 16 68 0 6 8 99 1 6 34 
77 82 30 62 23 29 2 22 58 93 29 80 73 96 5 5 46 29 13 57 24 95 82 34 64 43 50 87 8 76 78 88 84 3 51 99 80 24 45 75 63 30 13 93 48 36 89 92 95 63 
16 31 4 43 43 91 36 55 90 58 30 4 71 61 33 85 89 73 4 51 5 68 30 14 47 54 71 87 57 15 57 97 76 93 12 39 83 9 19 33 43 4 56 81 75 66 11 90 91 86 
32 30 53 87 80 66 94 54 23 37 33 84 17 12 31 17 9 65 56 69 76 52 71 40 25 43 72 91 89 27 66 50 94 68 15 41 42 39 37 42 83 43 52 63 98 95 10 5 79 42 
66 98 25 72 78 53 66 29 95 47 99 32 64 29 4 21 26 97 5 83 47 42 38 32 58 56 27 10 99 34 30 54 38 42 92 30 22 34 85 8 94 80 8 44 2 45 22 25 35 37 
20 99 50 36 10 92 42 58 64 23 69 97 16 60 39 70 67 86 86 8 67 77 66 36 35 93 37 46 19 67 12 96 34 40 17 95 74 50 31 2 8 51 25 42 90 47 63 75 58 53 
44 34 69 11 77 5 57 36 42 34 72 65 95 10 65 32 49 7 67 76 58 63 99 81 89 95 33 14 87 64 57 3 90 51 56 0 29 51 42 34 49 60 1 64 64 43 72 55 11 33 
42 56 40 96 59 36 58 10 28 46 97 75 94 24 56 50 25 58 26 28 83 18 59 23 45 14 61 82 72 7 41 89 58 12 88 38 41 2 79 48 18 66 38 42 50 42 84 59 61 35 
89 20 28 72 98 14 75 74 3 42 84 11 48 37 13 54 87 47 79 73 55 62 36 31 71 17 53 2 44 97 50 83 2 3 38 50 55 92 5 21 41 29 44 58 52 33 16 10 59 70 
27 50 72 0 40 80 74 80 38 31 71 99 79 63 19 19 50 8 8 74 30 39 72 15 47 43 93 22 80 17 38 82 50 63 21 28 66 95 0 85 14 73 8 69 89 4 26 12 17 96 
19 71 52 91 24 96 30 87 43 36 65 62 52 34 3 89 4 56 16 34 3 26 95 36 58 20 46 45 75 82 25 80 25 56 17 14 45 63 86 47 37 74 73 1 83 90 87 80 64 3 
77 47 10 57 24 14 97 38 24 54 0 71 89 31 78 81 4 79 91 75 50 0 99 9 16 3 20 46 36 58 83 33 95 27 32 20 37 13 48 27 2 91 73 3 42 72 31 90 70 92 
15 33 86 72 23 79 57 95 21 4 82 18 22 68 52 99 89 19 71 89 18 15 28 26 28 96 24 36 99 41 42 7 18 94 53 57 94 80 69 14 14 89 15 83 21 9 82 62 46 51 
0 1 40 68 62 46 43 36 75 29 3 3 80 86 18 15 26 99 72 65 81 46 60 94 63 81 55 53 96 83 15 53 50 9 16 61 24 99 89 44 34 90 10 0 65 66 63 22 26 16 
59 2 67 67 41 76 17 81 16 27 38 6 36 88 75 49 27 43 59 33 40 25 40 3 66 60 20 12 38 39 8 23 2 79 16 60 67 13 44 64 73 92 29 45 98 85 34 29 20 79 
3 86 99 2 61 98 27 31 50 93 63 18 80 51 1 12 98 81 86 74 76 20 1 92 15 3 60 93 52 34 40 86 91 43 36 27 67 0 25 60 54 52 34 59 44 91 10 40 46 27 
37 67 40 97 65 50 26 44 85 3 39 15 96 39 32 80 36 42 61 13 48 8 92 93 91 52 15 33 13 62 64 30 91 19 41 10 49 77 75 44 37 29 99 46 0 67 79 58 21 98 
13 76 35 80 78 71 98 75 50 20 4 30 60 51 24 87 66 83 43 73 25 42 42 97 40 76 62 94 79 73 97 25 67 8 49 3 38 76 33 96 78 30 23 69 63 81 92 29 19 0 
10 86 89 66 23 35 51 15 36 52 7 40 46 61 52 12 44 88 96 18 10 45 46 19 33 36 10 46 39 24 86 43 48 66 98 34 99 13 16 71 35 76 88 95 74 27 71 60 23 20 
26 73 25 21 59 63 96 83 56 28 58 47 34 14 60 23 70 11 65 56 64 21 16 2 27 26 12 8 71 81 76 38 20 85 80 72 31 0 68 30 39 56 76 88 30 54 91 14 27 38 
59 80 43 59 11 0 31 91 22 6 75 23 84 36 81 35 75 23 9 74 64 86 86 37 4 35 68 66 80 22 89 65 73 1 54 63 55 8 69 63 5 81 88 63 78 80 39 38 4 10 
17 49 68 72 67 79 76 82 2 92 46 63 44 62 88 51 62 84 66 80 57 23 36 65 4 18 22 30 37 40 93 85 24 11 65 82 86 53 99 91 71 42 52 55 34 60 84 72 10 35 
15 17 38 24 43 35 42 19 20 84 93 19 85 73 79 18 83 67 33 8 34 30 21 0 22 41 65 94 40 69 64 65 5 56 19 58 64 71 99 71 81 57 73 17 42 37 20 93 60 52 
55 96 74 86 4 87 71 24 15 51 7 79 5 35 90 20 70 56 99 40 87 37 94 34 11 38 69 47 0 32 69 23 61 35 20 40 91 51 77 55 18 63 8 24 41 98 97 18 24 55 
71 52 6 0 30 49 23 82 18 95 98 39 70 59 26 91 52 18 94 81 73 64 44 33 89 86 32 38 56 8 93 28 12 51 80 42 1 76 51 38 93 53 74 99 81 17 71 67 81 60 
1 74 77 56 26 0 94 2 45 23 0 19 52 29 69 13 91 98 23 84 47 31 38 14 25 45 58 71 33 68 53 76 72 21 71 30 32 68 8 93 3 68 16 83 14 60 97 82 32 5 
35 42 54 32 60 76 68 6 71 3 15 43 91 27 65 59 36 32 51 37 28 39 52 81 90 95 26 66 84 40 90 84 76 42 36 7 45 56 79 87 21 99 21 4 39 11 40 67 5 28 
27 50 84 58 20 69 84 19 79 92 67 43 29 25 67 46 26 94 16 52 78 29 46 90 70 39 73 2 96 62 12 79 77 85 36 30 40 78 59 62 62 83 41 48 23 24 77 66 63 60 
82 11 85 86 77 52 87 66 84 95 76 5 66 28 83 93 72 67 32 21 29 13 21 67 29 71 80 99 79 94 49 99 51 39 64 42 30 86 15 49 15 19 39 18 53 12 69 5 4 33 
99 34 19 69 50 87 2 37 62 89 10 5 60 4 11 57 29 3 16 92 21 22 5 43 79 61 28 78 99 26 94 36 6 7 92 17 64 21 70 2 13 31 28 57 4 71 46 83 38 25 
16 95 96 38 80 63 76 13 26 0 62 86 29 63 0 8 97 16 75 82 44 40 20 26 18 65 94 46 14 71 18 96 34 83 64 67 97 0 67 74 35 33 90 57 32 49 23 62 23 86 
94 20 94 14 82 82 53 78 34 6 14 16 46 84 79 1 33 10 24 38 23 34 26 1 45 25 94 66 6 89 56 47 95 63 68 91 70 89 20 81 19 16 18 60 99 61 24 24 86 67 
58 32 88 8 87 76 30 80 56 46 83 94 39 4 1 25 46 94 82 58 84 87 82 96 66 18 29 8 87 0 7 18 15 78 37 28 5 69 12 29 2 74 11 45 54 32 79 37 64 60 
69 70 96 94 23 70 75 47 20 35 40 47 92 18 0 22 43 25 4 83 50 47 1 78 8 87 4 62 62 51 32 51 47 2 66 43 98 98 8 1 88 11 94 99 58 74 77 61 71 8 
0 66 96 66 80 32 64 85 72 39 19 43 54 67 60 61 1 70 41 38 97 75 13 20 86 56 1 98 2 7 77 11 98 1 27 6 18 42 74 67 47 53 23 3 88 70 91 33 12 71 
42 58 7 53 41 58 85 16 83 72 64 15 93 55 7 76 79 85 1 35 72 49 92 50 80 40 18 97 93 41 3 95 32 7 62 13 79 60 77 0 27 7 53 18 23 25 93 85 19 42 
87 45 66 15 83 50 71 68 84 94 76 19 23 58 98 6 5 58 37 54 23 51 78 11 96 23 0 82 53 94 12 68 0 60 73 94 18 12 27 19 20 46 96 8 65 60 39 17 6 60 
8 10 89 29 44 11 41 99 13 16 87 32 3 8 5 23 22 77 86 95 68 35 58 56 10 87 59 65 67 38 40 0 91 83 13 41 75 4 70 42 84 17 74 2 46 53 50 31 10 73 
18 11 70 57 12 8 88 68 39 1 93 53 44 24 51 59 30 45 85 27 74 86 94 47 53 32 77 37 30 47 89 15 3 4 22 94 20 1 84 78 37 72 53 92 96 41 38 54 21 59 
51 27 27 70 38 67 93 15 31 98 23 67 60 39 53 6 82 61 88 27 4 49 65 85 16 74 12 47 96 90 27 85 81 99 60 28 95 23 66 93 22 97 49 2 72 44 60 95 28 60 
50 27 40 36 41 49 74 0 72 88 64 42 5 59 37 84 91 23 78 58 25 13 10 48 85 73 91 41 31 70 79 93 16 85 66 24 54 67 62 66 81 76 50 42 81 60 21 90 66 64 
93 10 98 61 20 21 1 8 29 93 48 65 31 96 57 29 27 44 31 60 5 18 36 65 95 7 42 69 50 2 61 73 76 82 98 59 16 24 98 34 65 2 51 59 2 94 42 18 36 68 
66 32 67 41 23 95 62 95 40 1 53 45 99 74 84 17 18 14 92 77 96 59 25 2 73 55 32 36 94 49 40 4 94 2 59 14 31 36 83 97 19 28 2 85 32 15 30 72 63 48 
82 60 46 1 45 42 73 10 7 94 72 25 27 76 45 44 76 53 43 45 85 87 27 51 51 30 4 79 11 32 58 4 86 70 50 4 61 36 3 99 90 86 1 56 8 86 54 9 94 97 
7 79 84 86 83 18 76 88 91 94 6 12 15 89 84 81 86 27 26 89 22 75 77 10 15 68 73 17 79 9 45 45 74 37 96 92 62 27 58 59 61 70 88 2 40 3 38 80 71 38 
89 84 93 61 20 33 74 47 76 36 33 86 63 87 82 13 0 34 74 55 17 58 49 38 27 35 55 17 41 23 19 52 58 22 12 43 88 38 90 64 16 54 91 54 0 84 80 84 77 83 
87 25 96 91 57 8 96 94 62 91 72 16 61 57 83 95 55 87 33 87 31 74 19 87 18 67 60 39 18 93 36 41 32 10 65 46 1 4 31 70 34 75 74 19 85 79 28 94 16 57 
29 75 66 59 86 42 72 67 97 18 23 85 90 74 25 15 96 60 65 92 20 47 93 94 6 6 77 60 81 31 75 2 49 50 97 85 60 83 36 87 26 5 51 90 91 75 19 20 55 9 
6 92 91 42 16 44 31 55 80 65 98 54 69 92 7 81 65 45 30 38 73 25 25 42 83 6 32 8 31 23 49 57 70 32 66 12 77 11 35 30 88 72 4 24 49 12 96 2 67 1 
35 54 80 53 9 88 18 16 64 79 13 69 55 91 8 53 21 49 5 2 37 29 93 88 86 89 57 54 81 8 45 40 24 65 90 95 78 29 75 69 57 97 25 24 1 7 83 62 5 6 
32 9 72 80 91 1 46 52 71 54 54 71 10 43 33 36 52 25 92 23 28 19 33 1 6 21 17 96 28 27 68 7 54 84 72 70 90 21 76 0 78 28 91 0 79 13 64 83 91 8 
15 93 35 86 92 49 21 62 27 90 59 63 26 40 26 72 36 11 68 32 49 46 7 58 95 76 69 64 97 7 55 4 48 11 22 28 99 43 46 68 40 22 11 99 96 59 73 13 68 12 
90 2 29 49 90 82 40 41 69 26 32 61 42 60 17 23 61 12 33 17 47 75 13 79 91 73 18 6 95 39 49 20 67 26 63 77 96 81 65 60 36 55 70 18 11 32 98 47 35 32 
4 43 81 8 9 87 32 82 21 88 99 37 71 51 79 41 12 38 69 36 70 56 44 60 49 14 65 14 26 83 12 2 96 26 93 31 5 43 24 88 54 73 86 15 69 98 40 98 7 41 
37 70 76 40 84 94 3 34 34 2 28 54 51 11 7 81 71 29 23 90 92 47 57 53 68 95 98 60 68 76 9 87 54 73 57 81 23 29 96 44 42 80 9 80 12 4 7 59 58 25 
33 31 69 28 57 69 38 28 39 18 70 85 92 80 42 54 33 7 43 0 50 21 85 88 20 42 20 48 96 86 30 40 49 51 12 56 89 54 48 72 28 82 57 88 76 97 39 5 36 54 
11 60 90 2 55 47 16 89 81 39 58 17 6 75 1 11 74 65 77 66 76 69 61 36 30 76 69 35 31 51 80 20 97 0 88 61 96 74 1 28 52 82 25 82 33 2 77 23 49 90 
51 35 35 27 14 96 69 27 95 1 13 67 18 60 29 35 92 31 43 12 7 53 13 62 13 28 64 60 40 82 55 73 48 67 8 90 10 88 47 71 67 71 81 29 11 94 30 44 57 78 
37 26 78 60 28 86 33 48 58 44 54 63 18 99 5 70 1 77 29 28 55 79 83 6 9 45 63 89 46 72 16 76 41 27 78 22 59 26 65 99 4 39 93 57 92 87 56 48 27 50 
54 39 96 9 45 11 26 80 2 52 48 64 60 93 25 54 64 86 35 24 3 47 92 83 45 22 34 29 38 29 17 85 76 19 56 46 55 18 83 77 56 91 44 69 52 70 51 28 26 23 
84 72 30 75 79 94 84 59 91 49 9 73 74 67 38 51 90 69 97 13 59 91 52 16 1 77 77 91 21 25 24 46 72 47 16 50 69 89 93 47 3 11 96 37 86 82 14 74 95 93 
56 1 15 50 97 76 76 38 11 26 8 2 55 3 67 21 43 32 16 66 97 4 81 63 71 54 99 81 1 51 90 2 31 2 75 87 47 92 69 56 12 57 17 86 22 70 85 25 87 81 
48 99 92 38 12 3 79 99 55 19 34 91 88 71 89 94 30 58 37 85 4 60 89 82 58 20 0 13 91 31 46 12 56 19 56 80 85 3 65 47 29 41 93 96 91 94 97 59 53 90 
53 89 86 92 11 91 60 57 87 33 49 55 18 25 88 67 12 78 79 55 51 83 88 82 46 34 74 1 96 35 60 61 55 58 96 17 55 30 75 37 54 22 2 1 49 26 91 51 67 48 
20 26 71 89 29 32 52 85 71 45 90 70 27 6 43 79 70 38 15 84 12 91 81 40 22 40 26 46 17 5 21 55 0 68 9 84 98 98 14 45 88 87 46 57 28 69 97 54 67 67 
11 88 22 11 9 83 47 35 80 83 46 3 60 56 27 7 63 40 67 17 94 78 51 73 0 97 2 25 2 73 31 22 78 80 36 38 20 23 17 43 39 30 96 68 23 54 36 81 76 34 
12 70 53 71 93 96 83 85 95 57 77 43 25 63 58 64 45 91 29 71 47 3 77 90 57 85 76 50 89 59 33 76 3 26 23 73 32 32 43 94 89 95 53 44 91 47 7 28 71 12 
8 77 49 41 38 21 85 10 39 91 12 97 54 0 0 34 55 51 34 28 1 50 99 87 3 48 44 74 37 15 73 38 13 69 23 91 73 3 50 19 81 16 13 84 19 53 62 12 36 20 
97 1 80 99 92 81 91 92 80 35 1 98 90 63 89 94 79 32 14 77 28 23 23 80 24 4 25 70 57 87 97 1 90 72 60 64 10 7 34 5 33 44 12 33 91 26 66 41 0 37 
58 71 14 21 87 41 35 57 57 72 33 61 30 48 32 20 99 32 42 68 34 42 80 80 37 60 67 19 37 48 97 26 65 44 22 27 13 93 2 11 25 11 74 38 45 65 54 75 0 8 
14 31 94 93 72 91 41 65 72 96 28 13 74 53 34 76 98 54 67 71 72 30 42 1 1 27 40 84 72 50 77 83 3 79 6 33 88 34 69 47 0 72 92 69 52 76 31 17 22 33 
14 24 31 92 90 76 27 85 73 51 22 80 21 43 63 53 34 28 72 79 92 95 24 23 59 6 98 26 41 10 87 57 14 25 64 41 11 38 44 33 18 65 28 33 71 63 88 68 47 49 
28 60 32 10 24 52 49 32 95 87 78 86 43 2 39 56 53 64 5 55 89 16 48 92 7 21 4 18 19 1 8 84 33 40 80 97 52 9 61 92 50 36 92 10 45 21 29 7 72 75 
40 39 6 77 55 37 71 36 97 35 22 97 97 97 67 71 32 64 8 59 55 54 8 75 77 93 39 22 90 97 4 36 72 21 48 18 47 24 15 32 40 2 38 59 61 77 47 94 27 10 
2 9 62 67 80 4 39 77 33 99 29 0 50 67 17 3 57 14 5 89 1 92 68 81 52 14 37 20 55 64 58 19 28 43 20 86 64 89 82 92 16 2 0 71 76 57 2 2 66 94 
55 92 93 88 9 65 7 77 60 17 54 16 43 6 11 45 4 34 38 27 93 66 88 92 59 65 34 18 66 58 74 30 50 6 75 54 99 43 42 92 54 18 62 3 73 97 21 92 7 30 
